766
93
32
988
874
874
962
123
544
139
443
664
494
117
189
733
190
426
375
770
334
527
308
833
456
614
696
248
293
236
1
583
433
165
461
889
859
51
174
879
84
614
287
904
489
829
145
141
630
50
470
200
329
708
49
733
321
262
800
433
865
445
560
111
828
359
67
273
446
78
152
932
645
451
960
268
907
16
608
622
129
326
256
525
113
797
943
835
504
482
472
553
630
58
357
475
860
589
590
994
56
494
742
733
368
455
731
994
441
49
24
901
90
8
200
755
106
829
937
233
499
222
875
237
153
632
548
110
547
900
457
736
245
104
490
487
559
324
755
805
678
916
619
22
885
614
539
792
672
105
461
297
684
486
909
360
414
650
472
366
551
849
728
525
392
23
90
294
544
47
693
585
391
135
126
533
14
298
356
0
62
309
277
840
161
366
123
567
928
637
559
541
666
815
336
183
294
103
168
894
462
213
308
19
528
123
613
613
273
2
856
261
400
212
734
545
741
498
520
373
668
661
772
320
522
305
628
273
3
246
793
946
789
936
412
797
100
55
532
140
907
665
865
653
252
642
972
497
92
453
865
102
422
333
242
330
946
541
153
584
570
197
201
855
977
358
458
262
536
276
399
28
471
874
774
763
172
332
987
333
986
261
417
406
9
185
574
857
774
509
802
55
576
891
828
649
647
585
641
903
688
985
282
938
920
419
272
867
605
326
727
262
644
526
812
489
714
79
445
271
739
823
83
50
784
914
510
884
953
79
414
838
191
175
865
369
876
326
438
106
762
195
212
651
181
122
895
876
501
40
577
81
147
806
513
909
416
166
43
308
621
74
636
366
834
717
79
583
998
105
9
571
32
127
334
55
616
566
174
162
221
26
791
771
180
637
896
548
898
652
263
364
686
40
247
739
925
885
906
870
891
119
895
578
595
992
920
349
931
958
931
904
71
873
355
536
441
770
90
100
938
215
133
937
200
228
876
905
427
203
796
339
229
684
707
427
102
31
704
194
217
710
132
784
39
520
297
998
126
104
597
248
373
948
243
343
815
313
726
925
337
28
267
290
954
724
802
715
158
315
624
66
47
34
997
328
488
316
669
159
39
43
981
141
151
951
883
858
919
429
290
658
531
676
353
582
628
258
479
709
679
389
742
88
527
438
297
780
551
112
418
752
576
999
181
757
164
59
314
661
837
171
635
533
500
182
347
284
793
156
743
870
52
524
116
378
575
759
972
990
192
569
326
309
558
72
945
910
383
332
21
390
507
815
390
416
913
366
397
977
260
253
573
376
418
97
199
186
225
903
299
716
246
954
844
193
787
601
981
644
844
455
206
271
711
212
782
977
766
881
923
446
50
905
53
209
693
211
475
909
811
3
841
273
854
24
479
545
997
232
991
561
585
432
578
517
828
24
727
611
542
211
361
562
141
796
772
476
584
460
612
191
880
0
658
601
852
174
364
537
871
216
360
851
720
178
613
595
550
94
734
43
190
247
19
200
290
530
613
462
536
392
582
651
276
448
483
97
387
25
904
189
861
101
686
813
478
130
275
111
257
218
798
788
937
930
909
867
238
479
525
401
720
188
741
542
260
816
264
92
736
445
901
905
28
603
476
99
486
859
751
211
218
888
763
754
573
759
450
144
108
471
791
35
846
203
485
549
546
77
731
102
918
781
472
216
430
695
215
978
493
706
703
716
43
596
26
353
83
19
576
651
904
974
519
352
236
906
33
753
36
529
818
372
699
349
437
839
673
267
202
661
863
658
582
550
322
410
406
342
594
465
985
239
366
824
522
290
206
213
143
345
53
882
505
56
32
778
608
994
815
916
570
488
335
768
239
708
802
646
604
876
12
950
43
953
346
506
283
935
361
271
185
711
625
730
331
776
308
904
628
389
198
822
721
48
378
647
591
291
47
276
879
591
734
581
8
382
417
566
319
834
353
941
973
993
740
295
876
216
273
226
231
764
57
565
838
335
396
556
347
496
813
488
428
67
948
987
485
368
181
345
697
696
802
834
77
897
770
500
497
850
220
509
156
746
516
757
563
259
825
626
197
540
376
758
110
685
697
763
94
3
580
615
525
915
271
290
766
971
335
420
141
316
448
756
150
380
836
427
108
480
196
510
18
150
341
594
929
496
305
266
543
149
841
164
952
481
165
155
916
565
744
205
421
201
282
108
915
502
107
217
781
944
273
388
646
208
47
496
682
320
690
996
556
120
776
829
613
950
439
358
707
225
944
234
60
942
70
280
717
139
319
340
339
465
326
287
253
840
